0 1 1 0 57 209 10
1 1 1 57 56 207 209
2 1 1 209 207 175 208
3 1 1 10 209 208 11
4 1 1 56 55 212 207
5 1 1 55 54 210 212
6 1 1 212 210 176 211
7 1 1 207 212 211 175
8 1 1 54 53 215 210
9 1 1 53 52 213 215
10 1 1 215 213 177 214
11 1 1 210 215 214 176
12 1 1 52 51 218 213
13 1 1 51 50 216 218
14 1 1 218 216 178 217
15 1 1 213 218 217 177
16 1 1 50 49 220 216
17 1 1 49 4 96 220
18 1 1 220 96 95 219
19 1 1 216 220 219 178
20 1 1 11 208 223 12
21 1 1 208 175 221 223
22 1 1 223 221 179 222
23 1 1 12 223 222 13
24 1 1 175 211 226 221
25 1 1 211 176 224 226
26 1 1 226 224 180 225
27 1 1 221 226 225 179
28 1 1 176 214 229 224
29 1 1 214 177 227 229
30 1 1 229 227 181 228
31 1 1 224 229 228 180
32 1 1 177 217 232 227
33 1 1 217 178 230 232
34 1 1 232 230 182 231
35 1 1 227 232 231 181
36 1 1 178 219 234 230
37 1 1 219 95 94 234
38 1 1 234 94 93 233
39 1 1 230 234 233 182
40 1 1 13 222 237 14
41 1 1 222 179 235 237
42 1 1 237 235 183 236
43 1 1 14 237 236 15
44 1 1 179 225 240 235
45 1 1 225 180 238 240
46 1 1 240 238 184 239
47 1 1 235 240 239 183
48 1 1 180 228 243 238
49 1 1 228 181 241 243
50 1 1 243 241 185 242
51 1 1 238 243 242 184
52 1 1 181 231 246 241
53 1 1 231 182 244 246
54 1 1 246 244 186 245
55 1 1 241 246 245 185
56 1 1 182 233 248 244
57 1 1 233 93 92 248
58 1 1 248 92 91 247
59 1 1 244 248 247 186
60 1 1 15 236 251 16
61 1 1 236 183 249 251
62 1 1 251 249 187 250
63 1 1 16 251 250 17
64 1 1 183 239 254 249
65 1 1 239 184 252 254
66 1 1 254 252 188 253
67 1 1 249 254 253 187
68 1 1 184 242 257 252
69 1 1 242 185 255 257
70 1 1 257 255 189 256
71 1 1 252 257 256 188
72 1 1 185 245 260 255
73 1 1 245 186 258 260
74 1 1 260 258 190 259
75 1 1 255 260 259 189
76 1 1 186 247 262 258
77 1 1 247 91 90 262
78 1 1 262 90 89 261
79 1 1 258 262 261 190
80 1 1 17 250 265 18
81 1 1 250 187 263 265
82 1 1 265 263 191 264
83 1 1 18 265 264 19
84 1 1 187 253 268 263
85 1 1 253 188 266 268
86 1 1 268 266 192 267
87 1 1 263 268 267 191
88 1 1 188 256 271 266
89 1 1 256 189 269 271
90 1 1 271 269 193 270
91 1 1 266 271 270 192
92 1 1 189 259 274 269
93 1 1 259 190 272 274
94 1 1 274 272 194 273
95 1 1 269 274 273 193
96 1 1 190 261 276 272
97 1 1 261 89 88 276
98 1 1 276 88 87 275
99 1 1 272 276 275 194
100 1 1 19 264 279 20
101 1 1 264 191 277 279
102 1 1 279 277 195 278
103 1 1 20 279 278 21
104 1 1 191 267 282 277
105 1 1 267 192 280 282
106 1 1 282 280 196 281
107 1 1 277 282 281 195
108 1 1 192 270 285 280
109 1 1 270 193 283 285
110 1 1 285 283 197 284
111 1 1 280 285 284 196
112 1 1 193 273 288 283
113 1 1 273 194 286 288
114 1 1 288 286 198 287
115 1 1 283 288 287 197
116 1 1 194 275 290 286
117 1 1 275 87 86 290
118 1 1 290 86 85 289
119 1 1 286 290 289 198
120 1 1 21 278 293 22
121 1 1 278 195 291 293
122 1 1 293 291 199 292
123 1 1 22 293 292 23
124 1 1 195 281 296 291
125 1 1 281 196 294 296
126 1 1 296 294 200 295
127 1 1 291 296 295 199
128 1 1 196 284 299 294
129 1 1 284 197 297 299
130 1 1 299 297 201 298
131 1 1 294 299 298 200
132 1 1 197 287 302 297
133 1 1 287 198 300 302
134 1 1 302 300 202 301
135 1 1 297 302 301 201
136 1 1 198 289 304 300
137 1 1 289 85 84 304
138 1 1 304 84 83 303
139 1 1 300 304 303 202
140 1 1 23 292 307 24
141 1 1 292 199 305 307
142 1 1 307 305 203 306
143 1 1 24 307 306 25
144 1 1 199 295 310 305
145 1 1 295 200 308 310
146 1 1 310 308 204 309
147 1 1 305 310 309 203
148 1 1 200 298 313 308
149 1 1 298 201 311 313
150 1 1 313 311 205 312
151 1 1 308 313 312 204
152 1 1 201 301 316 311
153 1 1 301 202 314 316
154 1 1 316 314 206 315
155 1 1 311 316 315 205
156 1 1 202 303 318 314
157 1 1 303 83 82 318
158 1 1 318 82 81 317
159 1 1 314 318 317 206
160 1 1 25 306 320 26
161 1 1 306 203 319 320
162 1 1 320 319 65 66
163 1 1 26 320 66 1
164 1 1 203 309 322 319
165 1 1 309 204 321 322
166 1 1 322 321 63 64
167 1 1 319 322 64 65
168 1 1 204 312 324 321
169 1 1 312 205 323 324
170 1 1 324 323 61 62
171 1 1 321 324 62 63
172 1 1 205 315 326 323
173 1 1 315 206 325 326
174 1 1 326 325 59 60
175 1 1 323 326 60 61
176 1 1 206 317 327 325
177 1 1 317 81 80 327
178 1 1 327 80 5 58
179 1 1 325 327 58 59
180 1 1 3 48 354 67
181 1 1 48 47 352 354
182 1 1 354 352 328 353
183 1 1 67 354 353 68
184 1 1 47 46 357 352
185 1 1 46 45 355 357
186 1 1 357 355 329 356
187 1 1 352 357 356 328
188 1 1 45 44 360 355
189 1 1 44 43 358 360
190 1 1 360 358 330 359
191 1 1 355 360 359 329
192 1 1 43 42 363 358
193 1 1 42 41 361 363
194 1 1 363 361 331 362
195 1 1 358 363 362 330
196 1 1 41 40 365 361
197 1 1 40 2 39 365
198 1 1 365 39 38 364
199 1 1 361 365 364 331
200 1 1 68 353 368 69
201 1 1 353 328 366 368
202 1 1 368 366 332 367
203 1 1 69 368 367 70
204 1 1 328 356 371 366
205 1 1 356 329 369 371
206 1 1 371 369 333 370
207 1 1 366 371 370 332
208 1 1 329 359 374 369
209 1 1 359 330 372 374
210 1 1 374 372 334 373
211 1 1 369 374 373 333
212 1 1 330 362 377 372
213 1 1 362 331 375 377
214 1 1 377 375 335 376
215 1 1 372 377 376 334
216 1 1 331 364 379 375
217 1 1 364 38 37 379
218 1 1 379 37 36 378
219 1 1 375 379 378 335
220 1 1 70 367 382 71
221 1 1 367 332 380 382
222 1 1 382 380 336 381
223 1 1 71 382 381 72
224 1 1 332 370 385 380
225 1 1 370 333 383 385
226 1 1 385 383 337 384
227 1 1 380 385 384 336
228 1 1 333 373 388 383
229 1 1 373 334 386 388
230 1 1 388 386 338 387
231 1 1 383 388 387 337
232 1 1 334 376 391 386
233 1 1 376 335 389 391
234 1 1 391 389 339 390
235 1 1 386 391 390 338
236 1 1 335 378 393 389
237 1 1 378 36 35 393
238 1 1 393 35 34 392
239 1 1 389 393 392 339
240 1 1 72 381 396 73
241 1 1 381 336 394 396
242 1 1 396 394 340 395
243 1 1 73 396 395 74
244 1 1 336 384 399 394
245 1 1 384 337 397 399
246 1 1 399 397 341 398
247 1 1 394 399 398 340
248 1 1 337 387 402 397
249 1 1 387 338 400 402
250 1 1 402 400 342 401
251 1 1 397 402 401 341
252 1 1 338 390 405 400
253 1 1 390 339 403 405
254 1 1 405 403 343 404
255 1 1 400 405 404 342
256 1 1 339 392 407 403
257 1 1 392 34 33 407
258 1 1 407 33 32 406
259 1 1 403 407 406 343
260 1 1 74 395 410 75
261 1 1 395 340 408 410
262 1 1 410 408 344 409
263 1 1 75 410 409 76
264 1 1 340 398 413 408
265 1 1 398 341 411 413
266 1 1 413 411 345 412
267 1 1 408 413 412 344
268 1 1 341 401 416 411
269 1 1 401 342 414 416
270 1 1 416 414 346 415
271 1 1 411 416 415 345
272 1 1 342 404 419 414
273 1 1 404 343 417 419
274 1 1 419 417 347 418
275 1 1 414 419 418 346
276 1 1 343 406 421 417
277 1 1 406 32 31 421
278 1 1 421 31 30 420
279 1 1 417 421 420 347
280 1 1 76 409 424 77
281 1 1 409 344 422 424
282 1 1 424 422 348 423
283 1 1 77 424 423 78
284 1 1 344 412 427 422
285 1 1 412 345 425 427
286 1 1 427 425 349 426
287 1 1 422 427 426 348
288 1 1 345 415 430 425
289 1 1 415 346 428 430
290 1 1 430 428 350 429
291 1 1 425 430 429 349
292 1 1 346 418 433 428
293 1 1 418 347 431 433
294 1 1 433 431 351 432
295 1 1 428 433 432 350
296 1 1 347 420 435 431
297 1 1 420 30 29 435
298 1 1 435 29 28 434
299 1 1 431 435 434 351
300 1 1 78 423 437 79
301 1 1 423 348 436 437
302 1 1 437 436 59 58
303 1 1 79 437 58 5
304 1 1 348 426 439 436
305 1 1 426 349 438 439
306 1 1 439 438 61 60
307 1 1 436 439 60 59
308 1 1 349 429 441 438
309 1 1 429 350 440 441
310 1 1 441 440 63 62
311 1 1 438 441 62 61
312 1 1 350 432 443 440
313 1 1 432 351 442 443
314 1 1 443 442 65 64
315 1 1 440 443 64 63
316 1 1 351 434 444 442
317 1 1 434 28 27 444
318 1 1 444 27 1 66
319 1 1 442 444 66 65
320 1 1 0 97 479 57
321 1 1 97 98 477 479
322 1 1 479 477 445 478
323 1 1 57 479 478 56
324 1 1 56 478 482 55
325 1 1 478 445 480 482
326 1 1 482 480 446 481
327 1 1 55 482 481 54
328 1 1 54 481 485 53
329 1 1 481 446 483 485
330 1 1 485 483 447 484
331 1 1 53 485 484 52
332 1 1 52 484 488 51
333 1 1 484 447 486 488
334 1 1 488 486 448 487
335 1 1 51 488 487 50
336 1 1 50 487 490 49
337 1 1 487 448 489 490
338 1 1 490 489 173 174
339 1 1 49 490 174 4
340 1 1 98 99 493 477
341 1 1 99 100 491 493
342 1 1 493 491 449 492
343 1 1 477 493 492 445
344 1 1 445 492 496 480
345 1 1 492 449 494 496
346 1 1 496 494 450 495
347 1 1 480 496 495 446
348 1 1 446 495 499 483
349 1 1 495 450 497 499
350 1 1 499 497 451 498
351 1 1 483 499 498 447
352 1 1 447 498 502 486
353 1 1 498 451 500 502
354 1 1 502 500 452 501
355 1 1 486 502 501 448
356 1 1 448 501 504 489
357 1 1 501 452 503 504
358 1 1 504 503 171 172
359 1 1 489 504 172 173
360 1 1 100 101 507 491
361 1 1 101 102 505 507
362 1 1 507 505 453 506
363 1 1 491 507 506 449
364 1 1 449 506 510 494
365 1 1 506 453 508 510
366 1 1 510 508 454 509
367 1 1 494 510 509 450
368 1 1 450 509 513 497
369 1 1 509 454 511 513
370 1 1 513 511 455 512
371 1 1 497 513 512 451
372 1 1 451 512 516 500
373 1 1 512 455 514 516
374 1 1 516 514 456 515
375 1 1 500 516 515 452
376 1 1 452 515 518 503
377 1 1 515 456 517 518
378 1 1 518 517 169 170
379 1 1 503 518 170 171
380 1 1 102 103 521 505
381 1 1 103 104 519 521
382 1 1 521 519 457 520
383 1 1 505 521 520 453
384 1 1 453 520 524 508
385 1 1 520 457 522 524
386 1 1 524 522 458 523
387 1 1 508 524 523 454
388 1 1 454 523 527 511
389 1 1 523 458 525 527
390 1 1 527 525 459 526
391 1 1 511 527 526 455
392 1 1 455 526 530 514
393 1 1 526 459 528 530
394 1 1 530 528 460 529
395 1 1 514 530 529 456
396 1 1 456 529 532 517
397 1 1 529 460 531 532
398 1 1 532 531 167 168
399 1 1 517 532 168 169
400 1 1 104 105 535 519
401 1 1 105 106 533 535
402 1 1 535 533 461 534
403 1 1 519 535 534 457
404 1 1 457 534 538 522
405 1 1 534 461 536 538
406 1 1 538 536 462 537
407 1 1 522 538 537 458
408 1 1 458 537 541 525
409 1 1 537 462 539 541
410 1 1 541 539 463 540
411 1 1 525 541 540 459
412 1 1 459 540 544 528
413 1 1 540 463 542 544
414 1 1 544 542 464 543
415 1 1 528 544 543 460
416 1 1 460 543 546 531
417 1 1 543 464 545 546
418 1 1 546 545 165 166
419 1 1 531 546 166 167
420 1 1 106 107 549 533
421 1 1 107 108 547 549
422 1 1 549 547 465 548
423 1 1 533 549 548 461
424 1 1 461 548 552 536
425 1 1 548 465 550 552
426 1 1 552 550 466 551
427 1 1 536 552 551 462
428 1 1 462 551 555 539
429 1 1 551 466 553 555
430 1 1 555 553 467 554
431 1 1 539 555 554 463
432 1 1 463 554 558 542
433 1 1 554 467 556 558
434 1 1 558 556 468 557
435 1 1 542 558 557 464
436 1 1 464 557 560 545
437 1 1 557 468 559 560
438 1 1 560 559 163 164
439 1 1 545 560 164 165
440 1 1 108 109 563 547
441 1 1 109 110 561 563
442 1 1 563 561 469 562
443 1 1 547 563 562 465
444 1 1 465 562 566 550
445 1 1 562 469 564 566
446 1 1 566 564 470 565
447 1 1 550 566 565 466
448 1 1 466 565 569 553
449 1 1 565 470 567 569
450 1 1 569 567 471 568
451 1 1 553 569 568 467
452 1 1 467 568 572 556
453 1 1 568 471 570 572
454 1 1 572 570 472 571
455 1 1 556 572 571 468
456 1 1 468 571 574 559
457 1 1 571 472 573 574
458 1 1 574 573 161 162
459 1 1 559 574 162 163
460 1 1 110 111 577 561
461 1 1 111 112 575 577
462 1 1 577 575 473 576
463 1 1 561 577 576 469
464 1 1 469 576 580 564
465 1 1 576 473 578 580
466 1 1 580 578 474 579
467 1 1 564 580 579 470
468 1 1 470 579 583 567
469 1 1 579 474 581 583
470 1 1 583 581 475 582
471 1 1 567 583 582 471
472 1 1 471 582 586 570
473 1 1 582 475 584 586
474 1 1 586 584 476 585
475 1 1 570 586 585 472
476 1 1 472 585 588 573
477 1 1 585 476 587 588
478 1 1 588 587 159 160
479 1 1 573 588 160 161
480 1 1 112 113 590 575
481 1 1 113 6 144 590
482 1 1 590 144 143 589
483 1 1 575 590 589 473
484 1 1 473 589 592 578
485 1 1 589 143 142 592
486 1 1 592 142 141 591
487 1 1 578 592 591 474
488 1 1 474 591 594 581
489 1 1 591 141 140 594
490 1 1 594 140 139 593
491 1 1 581 594 593 475
492 1 1 475 593 596 584
493 1 1 593 139 138 596
494 1 1 596 138 137 595
495 1 1 584 596 595 476
496 1 1 476 595 597 587
497 1 1 595 137 136 597
498 1 1 597 136 9 158
499 1 1 587 597 158 159
500 1 1 9 136 624 157
501 1 1 136 137 622 624
502 1 1 624 622 598 623
503 1 1 157 624 623 156
504 1 1 156 623 627 155
505 1 1 623 598 625 627
506 1 1 627 625 599 626
507 1 1 155 627 626 154
508 1 1 154 626 630 153
509 1 1 626 599 628 630
510 1 1 630 628 600 629
511 1 1 153 630 629 152
512 1 1 152 629 633 151
513 1 1 629 600 631 633
514 1 1 633 631 601 632
515 1 1 151 633 632 150
516 1 1 150 632 636 149
517 1 1 632 601 634 636
518 1 1 636 634 602 635
519 1 1 149 636 635 148
520 1 1 148 635 639 147
521 1 1 635 602 637 639
522 1 1 639 637 603 638
523 1 1 147 639 638 146
524 1 1 146 638 641 145
525 1 1 638 603 640 641
526 1 1 641 640 134 135
527 1 1 145 641 135 8
528 1 1 137 138 644 622
529 1 1 138 139 642 644
530 1 1 644 642 604 643
531 1 1 622 644 643 598
532 1 1 598 643 647 625
533 1 1 643 604 645 647
534 1 1 647 645 605 646
535 1 1 625 647 646 599
536 1 1 599 646 650 628
537 1 1 646 605 648 650
538 1 1 650 648 606 649
539 1 1 628 650 649 600
540 1 1 600 649 653 631
541 1 1 649 606 651 653
542 1 1 653 651 607 652
543 1 1 631 653 652 601
544 1 1 601 652 656 634
545 1 1 652 607 654 656
546 1 1 656 654 608 655
547 1 1 634 656 655 602
548 1 1 602 655 659 637
549 1 1 655 608 657 659
550 1 1 659 657 609 658
551 1 1 637 659 658 603
552 1 1 603 658 661 640
553 1 1 658 609 660 661
554 1 1 661 660 132 133
555 1 1 640 661 133 134
556 1 1 139 140 664 642
557 1 1 140 141 662 664
558 1 1 664 662 610 663
559 1 1 642 664 663 604
560 1 1 604 663 667 645
561 1 1 663 610 665 667
562 1 1 667 665 611 666
563 1 1 645 667 666 605
564 1 1 605 666 670 648
565 1 1 666 611 668 670
566 1 1 670 668 612 669
567 1 1 648 670 669 606
568 1 1 606 669 673 651
569 1 1 669 612 671 673
570 1 1 673 671 613 672
571 1 1 651 673 672 607
572 1 1 607 672 676 654
573 1 1 672 613 674 676
574 1 1 676 674 614 675
575 1 1 654 676 675 608
576 1 1 608 675 679 657
577 1 1 675 614 677 679
578 1 1 679 677 615 678
579 1 1 657 679 678 609
580 1 1 609 678 681 660
581 1 1 678 615 680 681
582 1 1 681 680 130 131
583 1 1 660 681 131 132
584 1 1 141 142 684 662
585 1 1 142 143 682 684
586 1 1 684 682 616 683
587 1 1 662 684 683 610
588 1 1 610 683 687 665
589 1 1 683 616 685 687
590 1 1 687 685 617 686
591 1 1 665 687 686 611
592 1 1 611 686 690 668
593 1 1 686 617 688 690
594 1 1 690 688 618 689
595 1 1 668 690 689 612
596 1 1 612 689 693 671
597 1 1 689 618 691 693
598 1 1 693 691 619 692
599 1 1 671 693 692 613
600 1 1 613 692 696 674
601 1 1 692 619 694 696
602 1 1 696 694 620 695
603 1 1 674 696 695 614
604 1 1 614 695 699 677
605 1 1 695 620 697 699
606 1 1 699 697 621 698
607 1 1 677 699 698 615
608 1 1 615 698 701 680
609 1 1 698 621 700 701
610 1 1 701 700 128 129
611 1 1 680 701 129 130
612 1 1 143 144 703 682
613 1 1 144 6 114 703
614 1 1 703 114 115 702
615 1 1 682 703 702 616
616 1 1 616 702 705 685
617 1 1 702 115 116 705
618 1 1 705 116 117 704
619 1 1 685 705 704 617
620 1 1 617 704 707 688
621 1 1 704 117 118 707
622 1 1 707 118 119 706
623 1 1 688 707 706 618
624 1 1 618 706 709 691
625 1 1 706 119 120 709
626 1 1 709 120 121 708
627 1 1 691 709 708 619
628 1 1 619 708 711 694
629 1 1 708 121 122 711
630 1 1 711 122 123 710
631 1 1 694 711 710 620
632 1 1 620 710 713 697
633 1 1 710 123 124 713
634 1 1 713 124 125 712
635 1 1 697 713 712 621
636 1 1 621 712 714 700
637 1 1 712 125 126 714
638 1 1 714 126 7 127
639 1 1 700 714 127 128
